Date	Close AAPL	Pret AAPL	Date	Close SMSM	Pret SMSM_dolar	Date	Pret Indice
02.03.2022	166559998	166.56	Apr 03, 2023	63100	47.96	Feb 24 2022	4288.7
03.03.2022	166229996	166.23	Mar 31, 2023	64000	48.64	Feb 25 2022	4384.65
04.03.2022	163169998	163.17	Mar 30, 2023	63200	48.03	Feb 28 2022	4373.94
07.03.2022	159300003	159.3	Mar 29, 2023	62700	47.65	Mar 01 2022	4306.26
08.03.2022	157440002	157.44	Mar 28, 2023	62900	47.8	Mar 02 2022	4386.54
09.03.2022	162949997	162.95	Mar 27, 2023	62100	47.2	Mar 03 2022	4363.49
10.03.2022	158520004	158.52	Mar 24, 2023	63000	47.88	Mar 04 2022	4328.87
11.03.2022	154729996	154.73	Mar 23, 2023	62300	47.35	Mar 07 2022	4201.09
14.03.2022	150619995	150.62	Mar 22, 2023	61100	46.44	Mar 08 2022	4170.7
15.03.2022	155089996	155.09	Mar 21, 2023	60300	45.83	Mar 09 2022	4277.88
16.03.2022	159589996	159.59	Mar 20, 2023	60200	45.75	Mar 10 2022	4259.52
17.03.2022	160619995	160.62	Mar 17, 2023	61300	46.59	Mar 11 2022	4204.31
18.03.2022	163979996	163.98	Mar 16, 2023	59900	45.52	Mar 14 2022	4173.11
21.03.2022	165380005	165.38	Mar 15, 2023	59800	45.45	Mar 15 2022	4262.45
22.03.2022	168820007	168.82	Mar 14, 2023	59000	44.84	Mar 16 2022	4357.86
23.03.2022	170210007	170.21	Mar 13, 2023	60000	45.6	Mar 17 2022	4411.67
24.03.2022	174070007	174.07	Mar 10, 2023	59500	45.22	Mar 18 2022	4463.12
25.03.2022	174720001	174.72	Mar 09, 2023	60100	45.68	Mar 21 2022	4461.18
28.03.2022	175600006	175.6	Mar 08, 2023	60300	45.83	Mar 22 2022	4511.61
29.03.2022	178960007	178.96	Mar 07, 2023	60700	46.13	Mar 23 2022	4456.24
30.03.2022	177770004	177.77	Mar 06, 2023	61500	46.74	Mar 24 2022	4520.16
31.03.2022	174610001	174.61	Mar 03, 2023	60500	45.98	Mar 25 2022	4543.06
01.04.2022	174309998	174.31	Mar 02, 2023	60800	46.21	Mar 28 2022	4575.52
04.04.2022	178440002	178.44	Feb 28, 2023	60600	46.06	Mar 29 2022	4631.6
05.04.2022	175059998	175.06	Feb 27, 2023	60500	45.98	Mar 30 2022	4602.45
06.04.2022	171830002	171.83	Feb 24, 2023	61300	46.59	Mar 31 2022	4530.41
07.04.2022	172139999	172.14	Feb 23, 2023	62000	47.12	Apr 01 2022	4545.86
08.04.2022	170089996	170.09	Feb 22, 2023	61100	46.44	Apr 04 2022	4582.64
11.04.2022	165750000	165.75	Feb 21, 2023	62100	47.2	Apr 05 2022	4525.12
12.04.2022	167660004	167.66	Feb 20, 2023	62700	47.65	Apr 06 2022	4481.15
13.04.2022	170399994	170.4	Feb 17, 2023	62600	47.58	Apr 07 2022	4500.21
14.04.2022	165289993	165.29	Feb 16, 2023	63700	48.41	Apr 08 2022	4488.28
18.04.2022	165070007	165.07	Feb 15, 2023	62200	47.27	Apr 11 2022	4412.53
19.04.2022	167399994	167.4	Feb 14, 2023	63200	48.03	Apr 12 2022	4397.45
20.04.2022	167229996	167.23	Feb 13, 2023	62900	47.8	Apr 13 2022	4446.59
21.04.2022	166419998	166.42	Feb 10, 2023	62900	47.8	Apr 14 2022	4392.59
22.04.2022	161789993	161.79	Feb 09, 2023	63300	48.11	Apr 18 2022	4391.69
25.04.2022	162880005	162.88	Feb 08, 2023	63100	47.96	Apr 19 2022	4462.21
26.04.2022	156800003	156.8	Feb 07, 2023	62000	47.12	Apr 20 2022	4459.45
27.04.2022	156570007	156.57	Feb 06, 2023	61600	46.82	Apr 21 2022	4393.66
28.04.2022	163639999	163.64	Feb 03, 2023	63500	48.26	Apr 22 2022	4271.78
29.04.2022	157649994	157.65	Feb 02, 2023	63500	48.26	Apr 25 2022	4296.12
02.05.2022	157960007	157.96	Feb 01, 2023	61000	46.36	Apr 26 2022	4175.2
03.05.2022	159479996	159.48	Jan 31, 2023	61400	46.66	Apr 27 2022	4183.96
04.05.2022	166020004	166.02	Jan 30, 2023	63300	48.11	Apr 28 2022	4287.5
05.05.2022	156770004	156.77	Jan 27, 2023	64600	49.1	Apr 29 2022	4131.93
06.05.2022	157279999	157.28	Jan 26, 2023	63800	48.49	May 02 2022	4155.38
09.05.2022	152059998	152.06	Jan 25, 2023	63300	48.11	May 03 2022	4175.48
10.05.2022	154509995	154.51	Jan 20, 2023	61800	46.97	May 04 2022	4300.17
11.05.2022	146500000	146.5	Jan 19, 2023	61500	46.74	May 05 2022	4146.87
12.05.2022	142559998	142.56	Jan 18, 2023	60400	45.9	May 06 2022	4123.34
13.05.2022	147110001	147.11	Jan 17, 2023	61000	46.36	May 09 2022	3991.24
16.05.2022	145539993	145.54	Jan 16, 2023	61100	46.44	May 10 2022	4001.05
17.05.2022	149240005	149.24	Jan 13, 2023	60800	46.21	May 11 2022	3935.18
18.05.2022	140820007	140.82	Jan 12, 2023	60500	45.98	May 12 2022	3930.08
19.05.2022	137350006	137.35	Jan 11, 2023	60500	45.98	May 13 2022	4023.89
20.05.2022	137589996	137.59	Jan 10, 2023	60400	45.9	May 16 2022	4008.01
23.05.2022	143110001	143.11	Jan 09, 2023	60700	46.13	May 17 2022	4088.85
24.05.2022	140360001	140.36	Jan 06, 2023	59000	44.84	May 18 2022	3923.68
25.05.2022	140520004	140.52	Jan 05, 2023	58200	44.23	May 19 2022	3900.79
26.05.2022	143779999	143.78	Jan 04, 2023	57800	43.93	May 20 2022	3901.36
27.05.2022	149639999	149.64	Jan 03, 2023	55400	42.1	May 23 2022	3973.75
31.05.2022	148839996	148.84	Jan 02, 2023	55500	42.18	May 24 2022	3941.48
01.06.2022	148710007	148.71	Dec 29, 2022	55300	42.03	May 25 2022	3978.73
02.06.2022	151210007	151.21	Dec 28, 2022	56600	43.02	May 26 2022	4057.84
03.06.2022	145380005	145.38	Dec 28, 2022		0	May 27 2022	4158.24
06.06.2022	146139999	146.14	Dec 27, 2022	58100	44.16	May 31 2022	4132.15
07.06.2022	148710007	148.71	Dec 26, 2022	57900	44	Jun 01 2022	4101.23
08.06.2022	147960007	147.96	Dec 23, 2022	58100	44.16	Jun 02 2022	4176.82
09.06.2022	142639999	142.64	Dec 22, 2022	59100	44.92	Jun 03 2022	4108.54
10.06.2022	137130005	137.13	Dec 21, 2022	58000	44.08	Jun 06 2022	4121.43
13.06.2022	131880005	131.88	Dec 20, 2022	58600	44.54	Jun 07 2022	4160.68
14.06.2022	132759995	132.76	Dec 19, 2022	59500	45.22	Jun 08 2022	4115.77
15.06.2022	135429993	135.43	Dec 16, 2022	59500	45.22	Jun 09 2022	4017.82
16.06.2022	130059998	130.06	Dec 15, 2022	59300	45.07	Jun 10 2022	3900.86
17.06.2022	131559998	131.56	Dec 14, 2022	60500	45.98	Jun 13 2022	3749.63
21.06.2022	135869995	135.87	Dec 13, 2022	59700	45.37	Jun 14 2022	3735.48
22.06.2022	135350006	135.35	Dec 12, 2022	59500	45.22	Jun 15 2022	3789.99
23.06.2022	138270004	138.27	Dec 09, 2022	60400	45.9	Jun 16 2022	3666.77
24.06.2022	141660004	141.66	Dec 08, 2022	59200	44.99	Jun 17 2022	3674.84
27.06.2022	141660004	141.66	Dec 07, 2022	58900	44.76	Jun 21 2022	3764.79
28.06.2022	137440002	137.44	Dec 06, 2022	59200	44.99	Jun 22 2022	3759.89
29.06.2022	139229996	139.23	Dec 05, 2022	60300	45.83	Jun 23 2022	3795.73
30.06.2022	136720001	136.72	Dec 02, 2022	60400	45.9	Jun 24 2022	3911.74
01.07.2022	138929993	138.93	Dec 01, 2022	62600	47.58	Jun 27 2022	3900.11
05.07.2022	141559998	141.56	Nov 30, 2022	62200	47.27	Jun 28 2022	3821.55
06.07.2022	142919998	142.92	Nov 29, 2022	60600	46.06	Jun 29 2022	3818.83
07.07.2022	146350006	146.35	Nov 28, 2022	60100	45.68	Jun 30 2022	3785.38
08.07.2022	147039993	147.04	Nov 25, 2022	61000	46.36	Jul 01 2022	3825.33
11.07.2022	144869995	144.87	Nov 24, 2022	61400	46.66	Jul 05 2022	3831.39
12.07.2022	145860001	145.86	Nov 23, 2022	61000	46.36	Jul 06 2022	3845.08
13.07.2022	145490005	145.49	Nov 22, 2022	60600	46.06	Jul 07 2022	3902.62
14.07.2022	148470001	148.47	Nov 21, 2022	61400	46.66	Jul 08 2022	3899.38
15.07.2022	150169998	150.17	Nov 18, 2022	61800	46.97	Jul 11 2022	3854.43
18.07.2022	147070007	147.07	Nov 17, 2022	61400	46.66	Jul 12 2022	3818.8
19.07.2022	151000000	151	Nov 16, 2022	62700	47.65	Jul 13 2022	3801.78
20.07.2022	153039993	153.04	Nov 15, 2022	62400	47.42	Jul 14 2022	3790.38
21.07.2022	155350006	155.35	Nov 14, 2022	61900	47.04	Jul 15 2022	3863.16
22.07.2022	154089996	154.09	Nov 11, 2022	62900	47.8	Jul 18 2022	3830.85
25.07.2022	152949997	152.95	Nov 10, 2022	60400	45.9	Jul 19 2022	3936.69
26.07.2022	151600006	151.6	Nov 09, 2022	62000	47.12	Jul 20 2022	3959.9
27.07.2022	156789993	156.79	Nov 08, 2022	61800	46.97	Jul 21 2022	3998.95
28.07.2022	157350006	157.35	Nov 07, 2022	60200	45.75	Jul 22 2022	3961.63
29.07.2022	162509995	162.51	Nov 04, 2022	59400	45.14	Jul 25 2022	3966.84
01.08.2022	161509995	161.51	Nov 03, 2022	59200	44.99	Jul 26 2022	3921.05
02.08.2022	160009995	160.01	Nov 02, 2022	59600	45.3	Jul 27 2022	4023.61
03.08.2022	166130005	166.13	Nov 01, 2022	60000	45.6	Jul 28 2022	4072.43
04.08.2022	165809998	165.81	Oct 31, 2022	59400	45.14	Jul 29 2022	4130.29
05.08.2022	165350006	165.35	Oct 28, 2022	57300	43.55	Aug 01 2022	4118.63
08.08.2022	164869995	164.87	Oct 27, 2022	59500	45.22	Aug 02 2022	4091.19
09.08.2022	164919998	164.92	Oct 26, 2022	59400	45.14	Aug 03 2022	4155.17
10.08.2022	169240005	169.24	Oct 25, 2022	57700	43.85	Aug 04 2022	4151.94
11.08.2022	168490005	168.49	Oct 24, 2022	57500	43.7	Aug 05 2022	4145.19
12.08.2022	172100006	172.1	Oct 21, 2022	55900	42.48	Aug 08 2022	4140.06
15.08.2022	173190002	173.19	Oct 20, 2022	55500	42.18	Aug 09 2022	4122.47
16.08.2022	173029999	173.03	Oct 19, 2022	55800	42.41	Aug 10 2022	4210.24
17.08.2022	174550003	174.55	Oct 18, 2022	56500	42.94	Aug 11 2022	4207.27
18.08.2022	174149994	174.15	Oct 17, 2022	56600	43.02	Aug 12 2022	4280.15
19.08.2022	171520004	171.52	Oct 14, 2022	56300	42.79	Aug 15 2022	4297.14
22.08.2022	167570007	167.57	Oct 13, 2022	55200	41.95	Aug 16 2022	4305.2
23.08.2022	167229996	167.23	Oct 12, 2022	55800	42.41	Aug 17 2022	4274.04
24.08.2022	167529999	167.53	Oct 11, 2022	55400	42.1	Aug 18 2022	4283.74
25.08.2022	170029999	170.03	Oct 07, 2022	56200	42.71	Aug 19 2022	4228.48
26.08.2022	163619995	163.62	Oct 06, 2022	56300	42.79	Aug 22 2022	4137.99
29.08.2022	161380005	161.38	Oct 05, 2022	56000	42.56	Aug 23 2022	4128.73
30.08.2022	158910004	158.91	Oct 04, 2022	55200	41.95	Aug 24 2022	4140.77
31.08.2022	157220001	157.22	Sep 30, 2022	53100	40.36	Aug 25 2022	4199.12
01.09.2022	157960007	157.96	Sep 29, 2022	52600	39.98	Aug 26 2022	4057.66
02.09.2022	155809998	155.81	Sep 29, 2022		0	Aug 29 2022	4030.61
06.09.2022	154529999	154.53	Sep 28, 2022	52900	40.2	Aug 30 2022	3986.16
07.09.2022	155960007	155.96	Sep 27, 2022	54200	41.19	Aug 31 2022	3955
08.09.2022	154460007	154.46	Sep 26, 2022	53900	40.96	Sep 01 2022	3966.85
09.09.2022	157369995	157.37	Sep 23, 2022	54500	41.42	Sep 02 2022	3924.26
12.09.2022	163429993	163.43	Sep 22, 2022	54400	41.34	Sep 06 2022	3908.19
13.09.2022	153839996	153.84	Sep 21, 2022	55300	42.03	Sep 07 2022	3979.87
14.09.2022	155309998	155.31	Sep 20, 2022	55800	42.41	Sep 08 2022	4006.18
15.09.2022	152369995	152.37	Sep 19, 2022	56400	42.86	Sep 09 2022	4067.36
16.09.2022	150699997	150.7	Sep 16, 2022	56200	42.71	Sep 12 2022	4110.41
19.09.2022	154479996	154.48	Sep 15, 2022	56000	42.56	Sep 13 2022	3932.69
20.09.2022	156899994	156.9	Sep 14, 2022	56800	43.17	Sep 14 2022	3946.01
21.09.2022	153720001	153.72	Sep 13, 2022	58100	44.16	Sep 15 2022	3901.35
22.09.2022	152740005	152.74	Sep 08, 2022	55600	42.26	Sep 16 2022	3873.33
23.09.2022	150429993	150.43	Sep 07, 2022	56000	42.56	Sep 19 2022	3899.89
26.09.2022	150770004	150.77	Sep 06, 2022	57100	43.4	Sep 20 2022	3855.93
27.09.2022	151759995	151.76	Sep 05, 2022	57100	43.4	Sep 21 2022	3789.93
28.09.2022	149839996	149.84	Sep 02, 2022	57500	43.7	Sep 22 2022	3757.99
29.09.2022	142479996	142.48	Sep 01, 2022	58400	44.38	Sep 23 2022	3693.23
30.09.2022	138199997	138.2	Aug 31, 2022	59700	45.37	Sep 26 2022	3655.04
03.10.2022	142449997	142.45	Aug 30, 2022	58800	44.69	Sep 27 2022	3647.29
04.10.2022	146100006	146.1	Aug 29, 2022	58600	44.54	Sep 28 2022	3719.04
05.10.2022	146399994	146.4	Aug 26, 2022	60000	45.6	Sep 29 2022	3640.47
06.10.2022	145429993	145.43	Aug 25, 2022	59700	45.37	Sep 30 2022	3585.62
07.10.2022	140089996	140.09	Aug 24, 2022	59000	44.84	Oct 03 2022	3678.43
10.10.2022	140419998	140.42	Aug 23, 2022	59100	44.92	Oct 04 2022	3790.93
11.10.2022	138979996	138.98	Aug 22, 2022	60000	45.6	Oct 05 2022	3783.28
12.10.2022	138339996	138.34	Aug 19, 2022	60900	46.28	Oct 06 2022	3744.52
13.10.2022	142990005	142.99	Aug 18, 2022	61500	46.74	Oct 07 2022	3639.66
14.10.2022	138380005	138.38	Aug 17, 2022	60400	45.9	Oct 10 2022	3612.39
17.10.2022	142410004	142.41	Aug 16, 2022	61000	46.36	Oct 11 2022	3588.84
18.10.2022	143750000	143.75	Aug 12, 2022	60200	45.75	Oct 12 2022	3577.03
19.10.2022	143860001	143.86	Aug 11, 2022	59900	45.52	Oct 13 2022	3669.91
20.10.2022	143389999	143.39	Aug 10, 2022	59100	44.92	Oct 14 2022	3583.07
21.10.2022	147270004	147.27	Aug 09, 2022	60000	45.6	Oct 17 2022	3677.95
24.10.2022	149449997	149.45	Aug 08, 2022	60800	46.21	Oct 18 2022	3719.98
25.10.2022	152339996	152.34	Aug 05, 2022	61500	46.74	Oct 19 2022	3695.16
26.10.2022	149350006	149.35	Aug 04, 2022	61500	46.74	Oct 20 2022	3665.78
27.10.2022	144800003	144.8	Aug 03, 2022	61300	46.59	Oct 21 2022	3752.75
28.10.2022	155740005	155.74	Aug 02, 2022	61700	46.89	Oct 24 2022	3797.34
31.10.2022	153339996	153.34	Aug 01, 2022	61300	46.59	Oct 25 2022	3859.11
01.11.2022	150649994	150.65	Jul 29, 2022	61400	46.66	Oct 26 2022	3830.6
02.11.2022	145029999	145.03	Jul 28, 2022	61900	47.04	Oct 27 2022	3807.3
03.11.2022	138880005	138.88	Jul 27, 2022	61800	46.97	Oct 28 2022	3901.06
04.11.2022	138380005	138.38	Jul 26, 2022	61700	46.89	Oct 31 2022	3871.98
07.11.2022	138919998	138.92	Jul 25, 2022	61100	46.44	Nov 01 2022	3856.1
08.11.2022	139500000	139.5	Jul 22, 2022	61300	46.59	Nov 02 2022	3759.69
09.11.2022	134869995	134.87	Jul 21, 2022	61800	46.97	Nov 03 2022	3719.89
10.11.2022	146869995	146.87	Jul 20, 2022	60500	45.98	Nov 04 2022	3770.55
11.11.2022	149699997	149.7	Jul 19, 2022	60900	46.28	Nov 07 2022	3806.8
14.11.2022	148279999	148.28	Jul 18, 2022	61900	47.04	Nov 08 2022	3828.11
15.11.2022	150039993	150.04	Jul 15, 2022	60000	45.6	Nov 09 2022	3748.57
16.11.2022	148789993	148.79	Jul 14, 2022	57500	43.7	Nov 10 2022	3956.37
17.11.2022	150720001	150.72	Jul 13, 2022	58000	44.08	Nov 11 2022	3992.93
18.11.2022	151289993	151.29	Jul 12, 2022	58100	44.16	Nov 14 2022	3957.25
21.11.2022	148009995	148.01	Jul 11, 2022	58800	44.69	Nov 15 2022	3991.73
22.11.2022	150179993	150.18	Jul 08, 2022	58700	44.61	Nov 16 2022	3958.79
23.11.2022	151070007	151.07	Jul 07, 2022	58200	44.23	Nov 17 2022	3946.56
25.11.2022	148110001	148.11	Jul 06, 2022	56400	42.86	Nov 18 2022	3965.34
28.11.2022	144220001	144.22	Jul 05, 2022	57200	43.47	Nov 21 2022	3949.94
29.11.2022	141169998	141.17	Jul 04, 2022	57100	43.4	Nov 22 2022	4003.58
30.11.2022	148029999	148.03	Jul 01, 2022	56200	42.71	Nov 23 2022	4027.26
01.12.2022	148309998	148.31	Jun 30, 2022	57000	43.32	Nov 25 2022	4026.12
02.12.2022	147809998	147.81	Jun 29, 2022	58000	44.08	Nov 28 2022	3963.94
05.12.2022	146630005	146.63	Jun 29, 2022		0	Nov 29 2022	3957.63
06.12.2022	142910004	142.91	Jun 28, 2022	59400	45.14	Nov 30 2022	4080.11
07.12.2022	140940002	140.94	Jun 27, 2022	58800	44.69	Dec 01 2022	4076.57
08.12.2022	142649994	142.65	Jun 24, 2022	58400	44.38	Dec 02 2022	4071.7
09.12.2022	142160004	142.16	Jun 23, 2022	57400	43.62	Dec 05 2022	3998.84
12.12.2022	144490005	144.49	Jun 22, 2022	57600	43.78	Dec 06 2022	3941.26
13.12.2022	145470001	145.47	Jun 21, 2022	58500	44.46	Dec 07 2022	3933.92
14.12.2022	143210007	143.21	Jun 20, 2022	58700	44.61	Dec 08 2022	3963.51
15.12.2022	136500000	136.5	Jun 17, 2022	59800	45.45	Dec 09 2022	3934.38
16.12.2022	134509995	134.51	Jun 16, 2022	60900	46.28	Dec 12 2022	3990.56
19.12.2022	132369995	132.37	Jun 15, 2022	60700	46.13	Dec 13 2022	4019.65
20.12.2022	132300003	132.3	Jun 14, 2022	61900	47.04	Dec 14 2022	3995.32
21.12.2022	135449997	135.45	Jun 13, 2022	62100	47.2	Dec 15 2022	3895.75
22.12.2022	132229996	132.23	Jun 10, 2022	63800	48.49	Dec 16 2022	3852.36
23.12.2022	131860001	131.86	Jun 09, 2022	65200	49.55	Dec 19 2022	3817.66
27.12.2022	130029999	130.03	Jun 08, 2022	65300	49.63	Dec 20 2022	3821.62
28.12.2022	126040001	126.04	Jun 07, 2022	65500	49.78	Dec 21 2022	3878.44
29.12.2022	129610001	129.61	Jun 03, 2022	66800	50.77	Dec 22 2022	3822.39
30.12.2022	129929993	129.93	Jun 02, 2022	66700	50.69	Dec 23 2022	3844.82
03.01.2023	125070000	125.07	May 31, 2022	67400	51.22	Dec 27 2022	3829.25
04.01.2023	126360001	126.36	May 30, 2022	67700	51.45	Dec 28 2022	3783.22
05.01.2023	125019997	125.02	May 27, 2022	66500	50.54	Dec 29 2022	3849.28
06.01.2023	129619995	129.62	May 26, 2022	65900	50.08	Dec 30 2022	3839.5
09.01.2023	130149994	130.15	May 25, 2022	66400	50.46	Jan 03 2023	3824.14
10.01.2023	130729996	130.73	May 24, 2022	66500	50.54	Jan 04 2023	3852.97
11.01.2023	133490005	133.49	May 23, 2022	67900	51.6	Jan 05 2023	3808.1
12.01.2023	133410004	133.41	May 20, 2022	68000	51.68	Jan 06 2023	3895.08
13.01.2023	134759995	134.76	May 19, 2022	67500	51.3	Jan 09 2023	3892.09
17.01.2023	135940002	135.94	May 18, 2022	68100	51.76	Jan 10 2023	3919.25
18.01.2023	135210007	135.21	May 17, 2022	67600	51.38	Jan 11 2023	3969.61
19.01.2023	135270004	135.27	May 16, 2022	66300	50.39	Jan 12 2023	3983.17
20.01.2023	137869995	137.87	May 13, 2022	66500	50.54	Jan 13 2023	3999.09
23.01.2023	141110001	141.11	May 12, 2022	64900	49.32	Jan 17 2023	3990.97
24.01.2023	142529999	142.53	May 11, 2022	65700	49.93	Jan 18 2023	3928.86
25.01.2023	141860001	141.86	May 10, 2022	65700	49.93	Jan 19 2023	3898.85
26.01.2023	143960007	143.96	May 06, 2022	66500	50.54	Jan 20 2023	3972.61
27.01.2023	145929993	145.93	May 04, 2022	67900	51.6	Jan 23 2023	4019.81
30.01.2023	143000000	143	May 03, 2022	67500	51.3	Jan 24 2023	4016.95
31.01.2023	144289993	144.29	May 02, 2022	67300	51.15	Jan 25 2023	4016.22
01.02.2023	145429993	145.43	Apr 29, 2022	67400	51.22	Jan 26 2023	4060.43
02.02.2023	150820007	150.82	Apr 28, 2022	64800	49.25	Jan 27 2023	4070.56
03.02.2023	154500000	154.5	Apr 27, 2022	65000	49.4	Jan 30 2023	4017.77
06.02.2023	151729996	151.73	Apr 26, 2022	66100	50.24	Jan 31 2023	4076.6
07.02.2023	154649994	154.65	Apr 25, 2022	66300	50.39	Feb 01 2023	4119.21
08.02.2023	151919998	151.92	Apr 22, 2022	67000	50.92	Feb 02 2023	4179.76
09.02.2023	150869995	150.87	Apr 21, 2022	67700	51.45	Feb 03 2023	4136.48
10.02.2023	151009995	151.01	Apr 20, 2022	67400	51.22	Feb 06 2023	4111.08
13.02.2023	153850006	153.85	Apr 19, 2022	67300	51.15	Feb 07 2023	4164
14.02.2023	153199997	153.2	Apr 18, 2022	66700	50.69	Feb 08 2023	4117.86
15.02.2023	155330002	155.33	Apr 15, 2022	66600	50.62	Feb 09 2023	4081.5
16.02.2023	153710007	153.71	Apr 14, 2022	67500	51.3	Feb 10 2023	4090.46
17.02.2023	152550003	152.55	Apr 13, 2022	68700	52.21	Feb 13 2023	4137.29
21.02.2023	148479996	148.48	Apr 12, 2022	67000	50.92	Feb 14 2023	4136.13
22.02.2023	148910004	148.91	Apr 11, 2022	67900	51.6	Feb 15 2023	4147.6
23.02.2023	149399994	149.4	Apr 08, 2022	67800	51.53	Feb 16 2023	4090.41
24.02.2023	146710007	146.71	Apr 07, 2022	68000	51.68	Feb 17 2023	4079.09
27.02.2023	147919998	147.92	Apr 06, 2022	68500	52.06	Feb 21 2023	3997.34
28.02.2023	147410004	147.41	Apr 05, 2022	69200	52.59	Feb 22 2023	3991.05
01.03.2023	145309998	145.31	Apr 04, 2022	69300	52.67	Feb 23 2023	4012.32
